index,0,1,2
26457,0.08617851817179673,0.15831652041769356,0.7555049614105098
26458,0.12475287319535883,0.1558335308591031,0.7194135959455381
26459,0.1347177411694872,0.2043000600643891,0.6609821987661239
26460,0.12526810659034449,0.1669389200954753,0.7077929733141801
26461,0.11565347233150773,0.20423699390556418,0.6801095337629279
26462,0.12720033420914983,0.18263329036117565,0.6901663754296743
26463,0.41893521075995965,0.5437541470857223,0.037310642154318015
26464,0.1179955835949397,0.16228359292223848,0.7197208234828217
26465,0.10056873709050562,0.1643054449694765,0.7351258179400179
26466,0.08434238806696732,0.14292256874118026,0.7727350431918528
26467,0.13092186816120777,0.20154704152392808,0.6675310903148641
26468,0.1044403813430162,0.14219283980617137,0.7533667788508123
26469,0.10517288652749222,0.14956030827499692,0.745266805197511
26470,0.09490535920954084,0.15831630888972675,0.7467783319007326
26471,0.107006349187131,0.16415413205517468,0.7288395187576943
26472,0.09924945827359469,0.2856032333024514,0.6151473084239538
26473,0.09918981392051823,0.16612935122065456,0.7346808348588273
26474,0.23307919868271973,0.7612947335219452,0.005626067795335104
26475,0.17492537347934964,0.20697982548237012,0.6180948010382804
26476,0.08527469275136633,0.28192265098117536,0.632802656267458
26477,0.13428106476537036,0.22435212522858058,0.6413668100060493
26478,0.12168090504567385,0.16045842555528583,0.7178606693990404
26479,0.10312821242516541,0.19007270931822046,0.7067990782566139
26480,0.09409667096050436,0.14891085487356887,0.756992474165927
26481,0.10354774099243512,0.17624068613680988,0.7202115728707548
26482,0.1323338957535917,0.15000454108430933,0.7176615631620991
26483,0.08364510157492976,0.1624304226872409,0.7539244757378296
26484,0.11685060481699765,0.44367879529727056,0.43947059988573195
26485,0.10908817301561921,0.14286474010689065,0.7480470868774902
26486,0.1259184661141415,0.19545609090898533,0.6786254429768731
26487,0.12709604150158374,0.15152596451356504,0.7213779939848513
26488,0.1737062039654005,0.8096836586002428,0.01661013743435673
26489,0.09999265558881049,0.2790634722008205,0.6209438722103688
26490,0.10452336510902666,0.29378310212949027,0.601693532761483
26491,0.10745708301603482,0.16243247030491834,0.7301104466790466
26492,0.09787924395463392,0.1505118514913998,0.7516089045539666
26493,0.20264668988730627,0.7880711855841926,0.009282124528500907
26494,0.1124334418492729,0.1765728142417093,0.7109937439090176
26495,0.09731108628940775,0.15464859708636708,0.7480403166242252
26496,0.12668327645259383,0.20358721277328737,0.6697295107741188
26497,0.11995669788654278,0.18283449970116142,0.6972088024122958
26498,0.11507006719852118,0.3968364504646997,0.48809348233677907
26499,0.09612630225597169,0.15902753862693986,0.7448461591170886
26500,0.0969744596305698,0.3319156230259845,0.5711099173434454
26501,0.12610682527080433,0.16288775782490927,0.7110054169042863
26502,0.09430181964331787,0.14164352960149817,0.764054650755184
26503,0.13294129106642225,0.22443004345011397,0.642628665483464
26504,0.14579870994168243,0.20947120674201386,0.6447300833163038
26505,0.08380165788887904,0.1282996290581568,0.787898713052964
26506,0.15424575776209,0.8312981693092493,0.014456072928660493
26507,0.19973036127615726,0.7902036135432817,0.010066025180561211
26508,0.09301965014774932,0.2689878743168168,0.6379924755354339
26509,0.12256165393807812,0.1706277969238544,0.7068105491380673
26510,0.1008657721646888,0.17854402272827538,0.7205902051070356
26511,0.12892776215074192,0.15205231040887127,0.7190199274403868
26512,0.11076279019329906,0.1639471032897465,0.7252901065169542
26513,0.10859451276850109,0.16297735642918018,0.7284281308023186
26514,0.10816156646537521,0.15654962351932963,0.7352888100152952
26515,0.11290990863418533,0.14446910767116686,0.7426209836946478
26516,0.11372183561786285,0.328686877663996,0.5575912867181408
26517,0.26100148381710914,0.7307600330649681,0.00823848311792284
26518,0.11086267647078435,0.16432541760599345,0.724811905923222
26519,0.12790424561572894,0.1969409003180651,0.6751548540662061
26520,0.11297765617276127,0.4486627814400023,0.43835956238723656
26521,0.14838366119938298,0.1855138531088825,0.6661024856917345
26522,0.09200079860375618,0.2855168913540021,0.6224823100422416
26523,0.11598686130767275,0.20821987367015582,0.6757932650221712
26524,0.10057700870972879,0.21443823737221582,0.684984753918055
26525,0.12402548492850908,0.18606409434957022,0.6899104207219205
26526,0.08673653757163313,0.1568881341767361,0.756375328251631
26527,0.08421853259904946,0.1428045046284605,0.7729769627724902
26528,0.2608645396026111,0.7271633511917771,0.011972109205611627
26529,0.07517804415858928,0.11651550789217327,0.8083064479492371
26530,0.09140138927623877,0.15903772182336387,0.7495608889003975
26531,0.10824307319721575,0.23656939657960327,0.655187530223181
26532,0.11729713311953217,0.15671663658791335,0.7259862302925545
26533,0.09096391558177513,0.2025729115347324,0.7064631728834921
26534,0.07402307697395444,0.11905573195903778,0.8069211910670075
26535,0.13665445744623422,0.19080016870313135,0.6725453738506344
26536,0.12534654062778927,0.20012693071143609,0.6745265286607744
26537,0.10403684649283075,0.1426616952792184,0.7533014582279509
26538,0.10827099001133958,0.1893873174995305,0.7023416924891296
26539,0.10493249611198709,0.1855019230561035,0.7095655808319091
26540,0.12242770676967671,0.44113229955979544,0.43643999367052805
26541,0.07690237106132432,0.12972754970970712,0.7933700792289684
26542,0.10374223950237195,0.2531820546940406,0.6430757058035877
26543,0.17593412374590303,0.1487569292081054,0.6753089470459912
26544,0.1161735230788831,0.1566846611684309,0.727141815752686
26545,0.12007700723562433,0.15681076427483476,0.7231122284895409
26546,0.09088069503660097,0.2942484720122677,0.6148708329511312
26547,0.09049478610317799,0.15223133278291268,0.7572738811139098
26548,0.12034585572704001,0.153882318030085,0.7257718262428751
26549,0.27925868075505533,0.7131352829753993,0.00760603626954527
26550,0.12207705817911702,0.1955082329727783,0.6824147088481044
26551,0.08267672179322068,0.1695326806160901,0.7477905975906893
26552,0.08718467112129413,0.15352317251931433,0.7592921563593917
26553,0.1026177446955186,0.18615729232199396,0.7112249629824872
26554,0.12458561257906205,0.43100283766133557,0.4444115497596025
26555,0.1394073601041515,0.35706580629699225,0.5035268335988562
26556,0.08779364292581114,0.21548356843699118,0.6967227886371973
26557,0.17872289415999298,0.1764031586212584,0.6448739472187487
26558,0.12022303567010169,0.1446738631158208,0.7351031012140774
26559,0.11665074084434261,0.16771885279273058,0.7156304063629267
26560,0.11270121754078076,0.26167927995212836,0.6256195025070909
26561,0.08400692967075693,0.2859727802242969,0.6300202901049462
26562,0.08519697588780901,0.12991883083291764,0.7848841932792732
26563,0.086925610038665,0.12465125703160379,0.7884231329297312
26564,0.10249548628943987,0.1783931881263912,0.7191113255841687
26565,0.10156780853680933,0.2244455193972997,0.6739866720658906
26566,0.11919501974802417,0.1586617086282213,0.7221432716237546
26567,0.08864426943331712,0.1621598109379997,0.7491959196286835
26568,0.26289915908858946,0.7289205313214587,0.008180309589951825
26569,0.08134418112022933,0.27405074926716805,0.6446050696126026
26570,0.11953515772539472,0.2523574733415685,0.6281073689330369
26571,0.12267296812702723,0.15514442872523904,0.7221826031477337
26572,0.10277280885002477,0.2815601874890332,0.615667003660942
26573,0.11905768398828753,0.15389821807488416,0.7270440979368282
26574,0.1248716135318521,0.15142117194821367,0.7237072145199344
26575,0.1228502443137599,0.15264429636498306,0.7245054593212571
26576,0.08146407802939859,0.12582224174522572,0.7927136802253755
26577,0.09495456759381246,0.13995161504821063,0.7650938173579769
26578,0.11664122108760631,0.40328462513678764,0.48007415377560586
26579,0.3333755801850827,0.6537751738388003,0.012849245976116943
26580,0.09749821776990872,0.1378998496428749,0.7646019325872163
26581,0.13606460526136993,0.2005206101273038,0.6634147846113265
26582,0.10542817670957637,0.16484949882319458,0.7297223244672288
26583,0.084070946318595,0.14341678370220318,0.7725122699792021
26584,0.09201332260978021,0.19377428116249262,0.7142123962277269
26585,0.11262413860332017,0.22645669140828242,0.6609191699883974
26586,0.144785444063489,0.19508208992565357,0.6601324660108575
26587,0.2348193671850136,0.4399291292595967,0.32525150355538945
26588,0.08739581515681102,0.27226936304317834,0.6403348218000108
26589,0.10174723278269536,0.18030693421477603,0.7179458330025283
26590,0.0949923644138014,0.2619659869929908,0.6430416485932078
26591,0.27416653957572756,0.7177271352374638,0.008106325186808592
26592,0.2825241970230942,0.14188249182930346,0.5755933111476024
26593,0.11421006450857085,0.16122229666868776,0.7245676388227413
26594,0.09369279286127508,0.15982192781248666,0.7464852793262383
26595,0.08087579867390567,0.1465416198826216,0.7725825814434729
26596,0.07340029402466944,0.1225846574417463,0.8040150485335842
26597,0.11167993932811887,0.43566643210547584,0.45265362856640545
26598,0.11751916059193127,0.15723941183388507,0.7252414275741836
26599,0.11190668520414264,0.15418789024726207,0.7339054245485951
26600,0.08479917899719464,0.1250645958857185,0.7901362251170867
26601,0.11156378937543744,0.17445411178799758,0.7139820988365648
26602,0.08686559145768072,0.28808869824162725,0.6250457103006919
26603,0.1261838521947283,0.15252227101421056,0.7212938767910612
26604,0.0969988126369033,0.22281845721803556,0.6801827301450608
26605,0.11007009425829141,0.1559456170553739,0.7339842886863346
26606,0.16148737472890368,0.19182538733768026,0.6466872379334161
26607,0.19051012165732625,0.798566394669571,0.010923483673102813
26608,0.07667200385621624,0.13865585296114286,0.7846721431826409
26609,0.10979753434105298,0.198821388380531,0.6913810772784159
26610,0.3099623162605321,0.6717126593370779,0.018325024402389735
26611,0.11487969367969325,0.1669567474892059,0.7181635588311007
26612,0.08896866292392466,0.28758906052928607,0.6234422765467893
26613,0.1484559761651849,0.22529138550795746,0.6262526383268578
26614,0.10966206469432473,0.15905635557374723,0.7312815797319279
26615,0.10514481336802081,0.1499449271481455,0.7449102594838338
26616,0.12144429547328031,0.15788383941513662,0.7206718651115831
26617,0.12267296812702723,0.15514442872523904,0.7221826031477337
26618,0.13229740471251084,0.1828875304116473,0.6848150648758417
26619,0.10510340796767251,0.27756989665226495,0.6173266953800625
26620,0.21728229317193892,0.7714785015214854,0.011239205306575559
26621,0.1034257588185972,0.15064184357577848,0.7459323976056244
26622,0.13790874808693657,0.26922488195028466,0.592866369962779
26623,0.10326256918273975,0.42472527260684245,0.4720121582104179
26624,0.07665887486295912,0.1318183449106532,0.7915227802263877
26625,0.1430111149715806,0.1951591153005969,0.6618297697278227
26626,0.12453795481616005,0.15536347080583623,0.7200985743780037
26627,0.11926967539948997,0.16564554159157496,0.7150847830089352
26628,0.09171825062269845,0.28303424343314715,0.6252475059441543
26629,0.10120466016113816,0.16327788308960361,0.7355174567492583
26630,0.0862548082504931,0.28705911162245723,0.6266860801270496
26631,0.06424286244309632,0.0972002378004023,0.8385568997565014
26632,0.10577752050182321,0.1590587627259989,0.7351637167721777
26633,0.08379794952378879,0.14342979129627975,0.7727722591799318
26634,0.0842545358199127,0.13515804957141228,0.7805874146086751
26635,0.10476906577888273,0.18783153183540738,0.7073994023857096
26636,0.10348313222265323,0.2195681424428234,0.6769487253345231
26637,0.07233589027499553,0.11736571402435103,0.8102983957006533
26638,0.09157228792691843,0.30014492340746535,0.6082827886656161
26639,0.24947131845257076,0.37198029843588054,0.3785483831115484
26640,0.09105675142187138,0.1430164294972274,0.7659268190809013
26641,0.1844272500359464,0.43303294272251036,0.3825398072415428
26642,0.11138449140403123,0.14231468415741838,0.7463008244385505
26643,0.10967708246202604,0.16896316844677306,0.7213597490912007
26644,0.11205520579747683,0.16468331812620948,0.7232614760763135
26645,0.10616045740091057,0.1574679193513563,0.7363716232477333
26646,0.3604803999071834,0.1254706094494886,0.5140489906433278
26647,0.10211362820439282,0.18758915357286188,0.710297218222745
26648,0.13460257188914937,0.20150064398304143,0.6638967841278094
26649,0.1095198309282785,0.16116930169629456,0.7293108673754268
26650,0.2389331910319311,0.7500378798800469,0.011028929088021914
26651,0.3583732069796114,0.6344902214730515,0.007136571547336929
26652,0.14965118963956386,0.20969366172922022,0.6406551486312161
26653,0.15270588971969762,0.20884118159862264,0.6384529286816799
26654,0.10662232210419598,0.2751714770149534,0.6182062008808505
26655,0.0945384842946538,0.29987129448659955,0.6055902212187465
26656,0.10377311097413823,0.1513947471571125,0.7448321418687494
26657,0.11281129972791176,0.13510037791738694,0.7520883223547012
26658,0.10686787927398647,0.16409625692483004,0.7290358638011832
26659,0.22547207234204142,0.17220825062115475,0.6023196770368038
26660,0.10963032642164712,0.15588385777732608,0.7344858158010267
26661,0.1018242079429415,0.21917497293692897,0.6790008191201291
26662,0.09022778100658745,0.2488626584600083,0.6609095605334041
26663,0.08535787499233109,0.14226706026912495,0.7723750647385442
26664,0.12444766299849862,0.17298241589096303,0.7025699211105383
26665,0.11839230836675067,0.19311996783502294,0.6884877237982261
26666,0.09338387859831408,0.23305360369497383,0.6735625177067116
26667,0.0973502483823305,0.15210475084515823,0.7505450007725113
26668,0.11905255830859765,0.22505944086739188,0.6558880008240106
26669,0.10071693840019762,0.27919123065373774,0.6200918309460646
26670,0.14371898260060334,0.20404359578880127,0.6522374216105955
26671,0.09916012360523567,0.14557144625685337,0.7552684301379112
26672,0.10459367774478956,0.18608681322859089,0.7093195090266192
26673,0.10852762111829523,0.16657232685826745,0.7249000520234371
26674,0.26928421590982055,0.1446938587069656,0.5860219253832137
26675,0.09849089620131331,0.2777068605608636,0.623802243237823
26676,0.11428743230934646,0.2602642993930455,0.6254482682976079
26677,0.07245898326962882,0.11620899967423699,0.811332017056134
26678,0.1275065163416385,0.17150547181272635,0.700988011845635
26679,0.11356467138884424,0.1840164023191006,0.7024189262920548
26680,0.07496317165215366,0.1434949068453648,0.7815419215024815
26681,0.07106030129477195,0.11522837436899874,0.8137113243362292
26682,0.10018173891252717,0.15315681161078154,0.7466614494766914
26683,0.09133222460485889,0.2284957080296304,0.6801720673655103
26684,0.08650317877771257,0.15633559979872877,0.757161221423559
26685,0.1093780979780542,0.1697971097798587,0.7208247922420868
26686,0.08579842980663079,0.14188533867076913,0.7723162315226003
26687,0.11285039696288365,0.23249321243712945,0.6546563905999869
26688,0.10011592077065368,0.34624286641768814,0.553641212811658
26689,0.08521236186949203,0.15577052018159387,0.7590171179489144
26690,0.0885572949999959,0.1824454200479746,0.7289972849520292
26691,0.12302059771682242,0.20884089163553277,0.6681385106476447
26692,0.08544523012843067,0.28432638789126385,0.6302283819803053
26693,0.12215877248516278,0.23211506257498105,0.6457261649398562
26694,0.3631470020599852,0.6292336289269999,0.00761936901301483
26695,0.10294002917576417,0.15142707429548743,0.7456328965287484
26696,0.10061269390052278,0.16775929236498363,0.7316280137344936
26697,0.08526015044714126,0.12428036381834269,0.7904594857345159
26698,0.068946413527439,0.11084993063938522,0.8202036558331756
26699,0.08834447462006517,0.19406984078144732,0.7175856845984872
26700,0.07816059218271755,0.13566666886999626,0.7861727389472861
26701,0.1577968914528706,0.3929606120277146,0.4492424965194146
26702,0.1193810209838736,0.4381007292252614,0.4425182497908653
26703,0.10951160259893168,0.19640435105902834,0.6940840463420399
26704,0.11119720620974802,0.16405772381025965,0.7247450699799923
26705,0.10310584933413973,0.16352604129201662,0.7333681093738436
26706,0.07807676442642145,0.1197768944652859,0.8021463411082924
26707,0.12836149921441206,0.1581347471789069,0.713503753606681
26708,0.1271776705257871,0.17000759151554307,0.7028147379586698
26709,0.10849030984434739,0.15842258360215605,0.7330871065534965
26710,0.12100030188547722,0.18516288724034985,0.693836810874173
26711,0.11852994771857515,0.15966657673419665,0.7218034755472281
26712,0.07956680170278203,0.11970253411248838,0.8007306641847294
26713,0.1592357334831324,0.27782756392809554,0.5629367025887718
26714,0.11921240724469438,0.18446143452703012,0.6963261582282754
26715,0.1249299360647041,0.1705833054781097,0.7044867584571861
26716,0.10966414560856019,0.16376890057482107,0.7265669538166186
26717,0.09952089144510953,0.16296891323964352,0.7375101953152472
26718,0.09964988120609614,0.19739042759034806,0.7029596912035556
26719,0.09725083926731141,0.17949882307931617,0.7232503376533724
26720,0.09021103477759934,0.1976031881737947,0.7121857770486055
26721,0.08649727856893734,0.15691956264427107,0.7565831587867919
26722,0.09918742894915569,0.18595797033269845,0.7148546007181458
26723,0.10217148983794458,0.1521922791414741,0.7456362310205814
26724,0.11251620748525054,0.2651353404690841,0.6223484520456655
26725,0.08914719087409263,0.22599370987359813,0.684859099252309
26726,0.11914529284207014,0.29756932217652393,0.5832853849814059
26727,0.09816343432367378,0.15145359963036303,0.7503829660459632
26728,0.08498915414985929,0.14314487902850367,0.7718659668216372
26729,0.08800205818999282,0.24027815868065427,0.6717197831293527
26730,0.1083271413623049,0.2862363801063642,0.6054364785313306
26731,0.08125297205739489,0.14285409200851568,0.7758929359340896
26732,0.19204846846308363,0.7975052990537144,0.010446232483202162
26733,0.12579315099972463,0.15043930776783088,0.7237675412324447
26734,0.09252911665425811,0.15295699742521787,0.7545138859205244
26735,0.10559712459160094,0.18319364504546554,0.7112092303629334
26736,0.11495441405281062,0.1575665146105213,0.7274790713366679
26737,0.09894994981497815,0.19479052225260893,0.7062595279324126
26738,0.09194927882289143,0.1577896365672559,0.7502610846098529
26739,0.12238789577382288,0.15804473059494492,0.7195673736312321
26740,0.08929746927614414,0.20069834647350818,0.7100041842503474
26741,0.19156161956016157,0.7974251099893068,0.011013270450531692
26742,0.11017026157278709,0.2715911290609393,0.6182386093662736
26743,0.11735115812515516,0.16091614654814312,0.7217326953267016
26744,0.12448662184232483,0.2156041244076285,0.6599092537500468
26745,0.09699633529184118,0.15558946400110887,0.74741420070705
26746,0.08079901155932251,0.15180222560565088,0.7673987628350265
26747,0.0983035651579873,0.28035305058533777,0.6213433842566748
26748,0.11225462757917865,0.25049982530823384,0.6372455471125875
26749,0.1241759669899114,0.20607284800576062,0.669751185004328
26750,0.0865538289932803,0.12686106896344773,0.7865851020432718
26751,0.10385409680186035,0.1520082725729003,0.7441376306252394
26752,0.10958602515151414,0.2398871094884932,0.6505268653599926
26753,0.10606645107136661,0.1655392973347983,0.7283942515938349
26754,0.11940716865627526,0.16476390807327687,0.7158289232704479
26755,0.10230325153178425,0.15725026127042888,0.7404464871977869
26756,0.10774738754313541,0.16363379373418432,0.7286188187226802
26757,0.10294999670807067,0.16454217137784716,0.7325078319140821
26758,0.08453484356783315,0.15516008785055124,0.7603050685816158
26759,0.09292492097982735,0.2127749784801755,0.6943001005399969
26760,0.091158306885959,0.3487150526223564,0.5601266404916845
26761,0.07655934433154675,0.12059537713702642,0.8028452785314265
26762,0.10271966985805125,0.210636178800351,0.6866441513415974
26763,0.0835596484701989,0.28692624851132653,0.6295141030184745
26764,0.12205137381759787,0.22670956914925833,0.6512390570331438
26765,0.10378834228609467,0.14981925328036186,0.7463924044335434
26766,0.12533009227501357,0.29497226194139414,0.5796976457835921
26767,0.12367249860897216,0.21428162296666595,0.6620458784243621
26768,0.14173608484150008,0.8478401914712971,0.010423723687202664
26769,0.08909233616263856,0.2535603950953408,0.6573472687420204
26770,0.2744366745321467,0.3031469826226159,0.42241634284523727
26771,0.15612205792150458,0.8343344805489701,0.00954346152952535
26772,0.3196955677187637,0.12647124332044543,0.5538331889607907
26773,0.07658234182863094,0.12315576699494292,0.8002618911764259
26774,0.08059304053941052,0.1505537980022233,0.7688531614583661
26775,0.09163340915147657,0.2640290552196411,0.6443375356288823
26776,0.09564484141717687,0.13922744757909022,0.765127711003733
26777,0.06577145401231844,0.10346422895389748,0.830764317033784
26778,0.07569058384761497,0.1185274061540077,0.805782009998377
26779,0.11337732004572418,0.16166724907378882,0.7249554308804869
26780,0.12920716313411118,0.2040562304315313,0.6667366064343576
26781,0.09768748729869844,0.15892467413831898,0.7433878385629826
26782,0.12331480939955096,0.15527077955535526,0.7214144110450939
26783,0.13578979122035473,0.1952601463256293,0.6689500624540162
26784,0.10829984522841056,0.1812921224230011,0.7104080323485884
26785,0.13174162252205066,0.20618911674692,0.6620692607310295
26786,0.2864431428174463,0.14280209478513575,0.5707547623974178
26787,0.10518108243796434,0.16242751279024742,0.7323914047717881
26788,0.13570025894478116,0.1949740742065663,0.6693256668486528
26789,0.10851485313396188,0.16939365284161023,0.7220914940244276
26790,0.11525730733000426,0.1688696349346748,0.715873057735321
26791,0.12512248982310578,0.16993434667494983,0.7049431635019442
26792,0.10506034324692885,0.203820586531484,0.6911190702215869
26793,0.08709391252370281,0.18530079857308832,0.7276052889032087
26794,0.08650317877771257,0.15633559979872877,0.757161221423559
26795,0.08590928953895154,0.17870330146044328,0.7353874090006052
26796,0.16569063158397337,0.8242619428666168,0.010047425549409874
26797,0.08873987088140231,0.28627216794902,0.6249879611695777
26798,0.12973384020705409,0.20407979967303988,0.6661863601199062
26799,0.07663597408862673,0.13077283499733267,0.7925911909140406
26800,0.14643325302780233,0.8388067226223599,0.014760024349837414
26801,0.11795850143534593,0.22316268512171267,0.6588788134429414
26802,0.13171433928545698,0.168871043970693,0.69941461674385
26803,0.08948795163625524,0.20994488365232347,0.700567164711421
26804,0.1032483332800627,0.1906885985442403,0.7060630681756968
26805,0.08320088896559978,0.15353142917566628,0.7632676818587343
26806,0.08707563229755673,0.1508035045697876,0.762120863132656
26807,0.09923442976954011,0.15586496312470582,0.744900607105754
26808,0.0884261643264845,0.14632608755922405,0.7652477481142915
26809,0.12973308176715112,0.1787133916628789,0.6915535265699698
26810,0.08970056982039246,0.213999344076666,0.6963000861029411
26811,0.09569130061964579,0.22612349089324635,0.6781852084871075
26812,0.09730855957798237,0.14849035771824734,0.7542010827037704
26813,0.10244194157320395,0.30374193988814074,0.5938161185386551
26814,0.1266689229964874,0.15034242104928633,0.7229886559542262
26815,0.08396716598935672,0.2840521723536505,0.6319806616569927
26816,0.0877470922751569,0.21365202988472848,0.6986008778401143
26817,0.1220185521997132,0.14327712913084029,0.7347043186694464
26818,0.1263754512903546,0.1846569612270203,0.688967587482625
26819,0.10419823485889264,0.2476376616333171,0.6481641035077902
26820,0.18227930020340136,0.805516777692197,0.012203922104401708
26821,0.16981965779320402,0.8195847980240161,0.010595544182779944
26822,0.12145645185402461,0.1656756586545015,0.7128678894914738
26823,0.10057223540635069,0.14950783242557755,0.7499199321680718
26824,0.10530965505629596,0.26739682575922336,0.6272935191844806
26825,0.07444775693108337,0.12978008177210068,0.7957721612968158
26826,0.08067868325877368,0.12390650132853502,0.7954148154126911
26827,0.10267168369330588,0.1646217775294085,0.7327065387772856
26828,0.08780531866541341,0.14660184577402768,0.7655928355605589
26829,0.07118882092064696,0.1166797337673161,0.8121314453120368
26830,0.13998764533493444,0.1918381670639397,0.6681741876011259
26831,0.11868047180519181,0.16058861277143802,0.7207309154233701
26832,0.06979729393896453,0.11751391629372941,0.8126887897673059
26833,0.11046652694928186,0.16443616375558257,0.7250973092951354
26834,0.08205387240676812,0.26790444734669877,0.6500416802465329
26835,0.11285132568131447,0.16710541595021033,0.720043258368475
26836,0.13790496899310736,0.4728165767255968,0.38927845428129565
26837,0.1220185521997132,0.14327712913084029,0.7347043186694464
26838,0.10904056389691419,0.2371681776005779,0.6537912585025082
26839,0.599372213991499,0.08264527033925,0.3179825156692506
26840,0.13906814071028623,0.2664270632536965,0.5945047960360174
26841,0.08193257970941743,0.14675966017486217,0.7713077601157203
26842,0.1114385419284981,0.19388379510840206,0.6946776629630997
26843,0.10194560362159776,0.14321763209782049,0.7548367642805819
26844,0.08613436519702035,0.17357741283426134,0.7402882219687182
26845,0.2670456173609882,0.1413019911511053,0.5916523914879064
26846,0.10260362129645394,0.1515307432464653,0.7458656354570811
26847,0.10320503932690535,0.2612919679577663,0.6355029927153283
26848,0.12518893214850924,0.1547383927522665,0.7200726750992242
26849,0.1181307024189744,0.24355074900869111,0.6383185485723345
26850,0.10438614605029009,0.3487854124587617,0.546828441490948
26851,0.13998323845872643,0.19369011643744533,0.6663266451038282
26852,0.17295746790923516,0.2355008574476261,0.5915416746431387
26853,0.10533498271710318,0.18549357022077473,0.7091714470621219
26854,0.13640442788970314,0.8529435898082517,0.01065198230204508
26855,0.16175531285879674,0.3500955461453386,0.4881491409958644
26856,0.12039321005072164,0.16834864349667103,0.7112581464526073
26857,0.11092900984806082,0.19524007414868652,0.6938309160032525
26858,0.12178258543523723,0.2201188959369835,0.6580985186277795
26859,0.11116832744311773,0.31289886272771744,0.5759328098291644
26860,0.08674119438615456,0.2926191206814952,0.6206396849323501
26861,0.11087665319112165,0.1616973759395118,0.7274259708693664
26862,0.12092177321987732,0.16453589087828044,0.7145423359018421
26863,0.08362938239531852,0.18702615948531762,0.7293444581193639
26864,0.12812973969541397,0.20358765450224722,0.6682826058023389
26865,0.05796545065136688,0.0900794128828932,0.8519551364657396
26866,0.10453263534923629,0.16490508975818885,0.7305622748925749
26867,0.08199910690702417,0.12227589405535888,0.7957249990376166
26868,0.07227093739060804,0.12010525978589069,0.8076238028235012
26869,0.05617464768631696,0.08608573138741753,0.8577396209262652
26870,0.10615881104309871,0.24162065811596306,0.6522205308409385
26871,0.11162719428943867,0.1921261107365323,0.6962466949740289
26872,0.15028133078906783,0.20761556893213956,0.6421031002787929
26873,0.09323839524256154,0.28319770453469834,0.6235639002227401
26874,0.12240092427904173,0.159775797184042,0.7178232785369163
26875,0.10514721630665921,0.16043964574479427,0.7344131379485463
26876,0.0890569661298971,0.171423893724499,0.739519140145604
26877,0.10348323324099727,0.1783903644003036,0.7181264023586991
26878,0.11222280398384235,0.23316715938072607,0.6546100366354315
26879,0.13170715419745996,0.17276367591503633,0.6955291698875036
26880,0.10498733332732339,0.13973058791497148,0.7552820787577051
26881,0.08635874830273116,0.28071592149795466,0.6329253301993142
26882,0.1957229943296089,0.15601059183677887,0.648266413833612
26883,0.06914186438371443,0.1119879466883948,0.8188701889278905
26884,0.12246276125466211,0.19523898762676112,0.6822982511185767
26885,0.12424368484697525,0.15543905822545917,0.7203172569275657
26886,0.09798290353909916,0.15255114832887137,0.7494659481320296
26887,0.07402837503774108,0.1387895339283055,0.7871820910339532
26888,0.15561004224055391,0.17884989728407003,0.665540060475376
26889,0.09081764310839097,0.1525356272991991,0.7566467295924104
26890,0.11012677259666216,0.16225397965645133,0.7276192477468862
26891,0.09626410976237276,0.27916088741304945,0.6245750028245777
26892,0.1615619262752084,0.1881365279242387,0.6503015458005531
26893,0.06889806780334004,0.11041368873685924,0.8206882434598005
26894,0.11938294249797789,0.1723939593180029,0.7082230981840193
26895,0.1648871253480368,0.19626792745259017,0.6388449471993733
26896,0.10028102895630758,0.18824660257751608,0.7114723684661761
26897,0.11579381942209648,0.18676952915527142,0.6974366514226321
26898,0.08372594294900403,0.15462663392284454,0.7616474231281516
26899,0.08232588027646487,0.14452956868988978,0.7731445510336455
26900,0.10337109348797177,0.16649192197563742,0.7301369845363908
26901,0.08786886370246423,0.24732569359748127,0.6648054427000543
26902,0.07694233716171878,0.11521959307655971,0.8078380697617211
26903,0.08705327232137805,0.15971368696281066,0.7532330407158114
26904,0.22349518302019133,0.7469205121583532,0.02958430482145532
26905,0.09371075963936315,0.1570547708597366,0.7492344695009003
26906,0.08897400464901369,0.2101524878985675,0.7008735074524186
26907,0.07547326279094302,0.11647431765082622,0.8080524195582304
26908,0.12425092850971611,0.20246731986414696,0.673281751626137
26909,0.08562950504736247,0.28185570225098106,0.6325147927016563
26910,0.1391149839521386,0.26712909277973984,0.5937559232681217
26911,0.21960678849512016,0.18426005059152417,0.5961331609133556
26912,0.10720126445383095,0.16456308856913435,0.7282356469770345
26913,0.15439889434312265,0.20857023163263974,0.6370308740242379
26914,0.12176552817658352,0.19510685365702643,0.6831276181663898
26915,0.1037327626280876,0.14511953062586427,0.7511477067460481
26916,0.25767737458530804,0.731611377557062,0.010711247857630137
26917,0.10990259426538106,0.16234187490858376,0.7277555308260351
26918,0.14408779736236094,0.1993174887181851,0.656594713919454
26919,0.2207490054979495,0.15729224684063833,0.6219587476614119
26920,0.09911892125750214,0.33440967837250324,0.5664714003699944
26921,0.10620985181804825,0.45793582172797564,0.4358543264539763
26922,0.11527240677575279,0.33627017187817065,0.5484574213460763
26923,0.08415544183302717,0.15512441199958948,0.7607201461673836
26924,0.10144909522452213,0.15310813724011169,0.7454427675353662
26925,0.09427594629691434,0.1395412292848992,0.7661828244181865
26926,0.11105655273899862,0.24107261002367,0.6478708372373315
26927,0.24998833682214117,0.15519133750225142,0.5948203256756073
26928,0.1474906300285261,0.8396257817647559,0.01288358820671777
26929,0.09073238107670656,0.2837361998357376,0.6255314190875556
26930,0.10602641199945202,0.1519916765731008,0.7419819114274472
26931,0.24948762022880416,0.7392428882795308,0.01126949149166524
26932,0.12434854893716218,0.1592371874569979,0.7164142636058398
26933,0.43926737669048543,0.11297548743236834,0.44775713587714605
26934,0.08877316394817583,0.18267388994208042,0.7285529461097435
26935,0.12582006005088303,0.21384877686152662,0.6603311630875903
26936,0.07746286230366747,0.11962885696560889,0.8029082807307235
26937,0.14788756601556657,0.21939025420719346,0.6327221797772402
26938,0.31246536160987437,0.6747445449546388,0.012790093435486673
26939,0.1587319015546849,0.8257999007277764,0.01546819771753854
26940,0.10719066264080532,0.1947160817806949,0.6980932555784995
26941,0.09590602058120963,0.13946712574170095,0.7646268536770893
26942,0.11529856308695267,0.2167176038684207,0.6679838330446266
26943,0.1007767889120999,0.15239371440067973,0.7468294966872207
26944,0.11664168441215264,0.14212347077313103,0.7412348448147162
26945,0.10754394195142289,0.34200684777329987,0.550449210275277
26946,0.0958723145861475,0.1834363471254793,0.720691338288373
26947,0.0921862001895496,0.25986370691067495,0.6479500928997752
26948,0.12241221430562392,0.23802095878807925,0.639566826906297
26949,0.2247757945767717,0.15462494517833578,0.6205992602448924
26950,0.12634305870010618,0.15125137193249563,0.7224055693673983
26951,0.09483708431411805,0.13431745735282707,0.7708454583330548
26952,0.09946720123813456,0.26481569445112235,0.6357171043107431
26953,0.062180700185014225,0.09631659847442288,0.8415027013405627
26954,0.11676489882784626,0.16924130467392373,0.7139937964982299
26955,0.09088178275351344,0.20036406781246544,0.7087541494340209
26956,0.13244656397622398,0.1893270768886253,0.6782263591351507
26957,0.1308589885014831,0.22334334884671203,0.6457976626518049
26958,0.1214381695289617,0.19971311614867013,0.678848714322368
26959,0.08795116996420037,0.19000370420678248,0.7220451258290168
26960,0.0895097427128611,0.2840125507299404,0.6264777065571984
26961,0.08466097612986376,0.16831826599661467,0.7470207578735217
26962,0.08005444999532464,0.23664306515964295,0.6833024848450323
26963,0.12215877248516278,0.23211506257498105,0.6457261649398562
26964,0.10222825436375102,0.1934398855381446,0.7043318600981041
26965,0.08629228208719689,0.22182837501330963,0.6918793428994933
26966,0.10028102895630758,0.18824660257751608,0.7114723684661761
26967,0.10611955405289393,0.14990018328541924,0.7439802626616868
26968,0.10929379318822434,0.1814059903241429,0.7093002164876325
26969,0.07048890863611283,0.12237262201232796,0.8071384693515591
26970,0.15867297538240954,0.18954638517216843,0.6517806394454222
26971,0.10503566035201248,0.26832181709756314,0.6266425225504243
26972,0.10756991870645204,0.2783222240625378,0.6141078572310101
26973,0.0770185522981488,0.13033866844396802,0.7926427792578832
26974,0.14700294717809206,0.14444826347255313,0.708548789349355
26975,0.12332642383913912,0.16934816755380663,0.7073254086070542
26976,0.16589658013621303,0.8213314604638748,0.01277195939991211
26977,0.11720357434994723,0.23823597457315998,0.644560451076893
26978,0.08340366890792468,0.1248893369613166,0.7917069941307584
26979,0.09875131000761224,0.28040378761824486,0.6208449023741428
26980,0.16030332506308592,0.17216446490280876,0.667532210034105
26981,0.08845562168893613,0.18149999280838325,0.7300443855026804
26982,0.12048439744505784,0.1520929414783379,0.7274226610766042
26983,0.10925986938932539,0.21706051675428245,0.6736796138563919
26984,0.07385764060091464,0.11663243740086361,0.8095099219982216
26985,0.08883694933362668,0.2860703449561419,0.6250927057102313
26986,0.1220185521997132,0.14327712913084029,0.7347043186694464
26987,0.10989806624972114,0.22575229134438574,0.6643496424058931
26988,0.0973708654194571,0.1799563795450365,0.7226727550355061
26989,0.08974176965776572,0.2332360575059708,0.6770221728362631
26990,0.10070438685419365,0.15534466219095527,0.7439509509548511
26991,0.10431165745252603,0.15974473138793643,0.7359436111595374
26992,0.11598902037813572,0.4381644058364247,0.44584657378543974
26993,0.08790315015023253,0.19378192475951939,0.7183149250902479
26994,0.09825378736634426,0.1338183566155052,0.7679278560181504
26995,0.10184527155527745,0.23800176836913173,0.6601529600755908
26996,0.08938433499291946,0.2215075089058747,0.6891081561012055
26997,0.1332210723183655,0.2869920799129094,0.579786847768725
26998,0.10242053407429763,0.16286070746273013,0.7347187584629724
26999,0.13904897477165837,0.19255733162937352,0.668393693598968
27000,0.13679658303586253,0.19045628626697497,0.6727471306971624
27001,0.12718459379166355,0.2118981467667852,0.6609172594415513
27002,0.1601185965704111,0.19510195923083817,0.6447794441987509
27003,0.2874229398958607,0.1636683664779885,0.5489086936261505
27004,0.08409872999317936,0.28599181652894246,0.6299094534778782
27005,0.08713468778001067,0.311792262699082,0.6010730495209071
27006,0.10907548893469711,0.15856122588339616,0.7323632851819066
27007,0.12193167472009454,0.36586613698534387,0.5122021882945613
27008,0.11423976025983622,0.20189379274734054,0.6838664469928228
27009,0.1876615709511497,0.19585499973699322,0.6164834293118573
27010,0.0833924375327761,0.24811968888990954,0.6684878735773141
27011,0.12306670250254291,0.21753472139217958,0.6593985761052775
27012,0.09751151379057048,0.14399175379624116,0.7584967324131887
27013,0.11039469433920777,0.1622895671042674,0.7273157385565245
27014,0.11969774337106105,0.23768191679920025,0.6426203398297388
27015,0.2305093566008112,0.164860031451737,0.6046306119474517
27016,0.11458129397011854,0.1603686865396454,0.7250500194902358
27017,0.1082670281425627,0.16396394931103198,0.7277690225464052
27018,0.10226719628628259,0.16453460991089364,0.7331981938028238
27019,0.08344131381267486,0.28969240247843686,0.6268662837088882
27020,0.08867035602293404,0.2505392065927364,0.6607904373843293
27021,0.09126460327406423,0.17962387359666324,0.7291115231292724
27022,0.08040664417653932,0.12692963616086397,0.7926637196625967
27023,0.14547446897045535,0.28264691539595965,0.5718786156335848
27024,0.09539600265014628,0.30410053308290264,0.6005034642669509
27025,0.08863005415322346,0.14934800489683064,0.7620219409499461
27026,0.08883135039412876,0.23711072346099815,0.6740579261448728
27027,0.20870798142266644,0.1545905178402758,0.6367015007370576
27028,0.09950938667714017,0.15798317934645717,0.7425074339764026
27029,0.08741603717993465,0.18043632707851548,0.7321476357415498
27030,0.14315583706940224,0.4068260958930031,0.4500180670375946
27031,0.5873086653732315,0.08582419126336079,0.3268671433634073
27032,0.126855404111831,0.23651541926097608,0.6366291766271931
27033,0.1043189095410118,0.14412702481485323,0.7515540656441351
27034,0.12966299038732368,0.19485253993447788,0.6754844696781985
27035,0.10936642073788955,0.1660362175806184,0.7245973616814918
27036,0.13748114806918602,0.19739985580064304,0.6651189961301711
27037,0.12220300832617761,0.160945933236761,0.7168510584370615
27038,0.08650317877771257,0.15633559979872877,0.757161221423559
27039,0.11320964377730752,0.14423916109723764,0.7425511951254549
27040,0.11820819442585717,0.16836990988439843,0.7134218956897442
27041,0.06509628613010929,0.10469460220390683,0.830209111665984
27042,0.2564623686000731,0.73482721278584,0.008710418614087
27043,0.13110141185450402,0.1926267902447796,0.6762717979007162
27044,0.11845404179566515,0.1670094060632919,0.7145365521410428
27045,0.08820337297586882,0.1906303257699484,0.7211663012541824
27046,0.09899258604128722,0.1631953628582571,0.7378120511004559
27047,0.118322232502326,0.3531900438542563,0.5284877236434176
27048,0.27524759053328834,0.7177113439389601,0.007041065527751577
27049,0.10946329458940342,0.4584328104134112,0.4321038949971854
27050,0.08888924894359305,0.18590034432294286,0.7252104067334639
27051,0.09344727417271002,0.17309959606651806,0.7334531297607721
27052,0.08383089526824491,0.15943046308127937,0.7567386416504759
27053,0.08847773918596,0.29602895187501493,0.6154933089390248
27054,0.27470100236733175,0.15228962102766752,0.5730093766050005
27055,0.24683665698713367,0.7472778938715535,0.005885449141312767
27056,0.24311562625455518,0.7493021754969362,0.007582198248508536
27057,0.08644044636904083,0.1717260671030926,0.7418334865278665
27058,0.10282859460405007,0.16309903745117896,0.734072367944771
27059,0.08346548528938047,0.15743398096060157,0.7591005337500181
27060,0.1394563245236938,0.27811943582607074,0.5824242396502356
27061,0.12784726793291384,0.1732413358245216,0.6989113962425644
27062,0.1216972022200375,0.1723720914582792,0.7059307063216832
27063,0.13446240881567822,0.20522214402323155,0.6603154471610906
27064,0.06356633391386458,0.09914351223853454,0.8372901538476007
27065,0.09429710049504696,0.283401863474279,0.622301036030674
27066,0.10592631185266688,0.13922363737721966,0.7548500507701135
27067,0.09825740396873775,0.2614838702327971,0.6402587257984651
27068,0.21579057182646777,0.15048774026254885,0.6337216879109832
27069,0.08779882128847927,0.22342733597944858,0.6887738427320719
27070,0.10990529785904812,0.16183360868271152,0.7282610934582402
27071,0.13761343620721972,0.1632146009665164,0.6991719628262638
27072,0.08803642754384516,0.16481537111490105,0.7471482013412539
27073,0.10549118817149475,0.20592355644391447,0.6885852553845906
27074,0.11290952876408923,0.22730573692313819,0.6597847343127726
27075,0.08318051036666713,0.12264587436869996,0.7941736152646325
27076,0.13265985551653492,0.20079522044272696,0.6665449240407382
